-0.21035152584903333 3.739007481336907
1.9839071112315239 7.41339793419711
-0.4395979839162311 1.7287745223910866
0.6541870889497187 4.112244526102203
-0.9415463294987017 3.3510798461261038
0.365168568967663 3.2278428284600515
-2.0759128924409116 -1.1779379671844188
-0.22137856956389937 2.001168941331363
1.5659936548122804 8.064085754653005
0.7852911761006544 4.869181418392384
-0.6139941354558187 2.1492376875589807
-0.8723158753472805 1.8802174971644563
-0.9537151823652981 0.9102880842420527
0.41283044010176156 4.9051994075593495
0.943126094159486 5.340137707561803
-1.3367466288941419 -0.22921298285307312
-0.02596079007422639 3.2491864589190356
0.8823971114103063 6.564683713825806
1.7959667783916982 7.665499562027905
0.1383984619628383 4.921013998269731
0.18750641913985525 4.81696639381572
-0.03687570265055097 2.8573813266472983
-1.3081731174991942 0.16558657346194178
-0.8341897490418942 0.7547272524421962
-0.40371901676553834 1.8060164209727883
-0.958728626128077 1.1473228196862817
-1.135837016727042 -0.33048304179735805
-0.9234055690204541 1.7623422394259385
-0.9105062065252176 -0.16552185545129428
-1.7337613323261296 -2.85776356172036
0.39322827041262776 3.2672694275587384
0.07396407624308533 3.4013208881896158
0.14531290965118895 4.192023411414148
0.40978076974059563 4.477552090839544
-0.15820036296978968 2.848171406222309
-0.47020890982459945 1.8799160959934944
-0.9626126959484536 0.4050522810299406
-0.1429293297576026 2.6724268161900553
0.46154406530102676 2.9565705314402764
-0.023718234412900618 3.174485703808366
1.102193338771954 5.575253327179106
0.6288753444976446 5.508364447235022
0.5280410373190978 4.655611457432954
-1.3046953957206826 -1.618495579338448
-0.6004497384041348 2.2955872494324074
-0.4857609067884154 0.9292829725766516
2.1763411554492973 7.329372789601152
-0.36726344177373793 2.6343045775946807
0.2952379509743532 4.00252077250401
-0.42854070901280455 0.9329399288907875
1.6640519231547122 6.167758967719402
-0.27306074965939275 2.893659555557061
-0.31737683096187375 1.2813616989690932
-2.567335416734017 -0.8119416818905396
0.04075989183291631 0.3889290422487859
0.5541465691414428 2.9964646931365753
-2.6788345512449436 -3.5893939735601834
-0.40415878478681544 2.2863866005027935
0.8502308890548564 3.6818166879725442
-0.4345103427544636 2.149990011191711
0.12398682319617707 4.674181537671098
-1.414348499062214 -0.21052452040875058
-1.2827014065033011 -0.4419999058906674
0.08815248150345824 3.4016680274668616
1.512477747974017 7.15527483699474
1.6955673148819124 6.346367516660877
-0.7953695611176266 2.1255639298977105
0.8250948574643246 7.148360806840506
-1.6099756388230013 -1.8336359393056032
-1.9746643610819454 -1.2996833540664077
-1.6961247379746032 -0.9284584008678336
-0.7240663932555608 2.2032418645842453
-0.8958316547677067 3.2770334658776346
1.2518960805337884 4.546559364082105
-0.7239676505489718 -0.35544990254176745
0.08230910526759054 3.388863989491895
0.7855103732736846 2.5852839080119128
0.2355116284287939 4.6331945081473975
1.4316477909155074 6.700753243014035
-1.1001405710841696 0.5342108883160829
-0.7149674898374109 1.9943642660165346
-0.3136797878889041 2.582884774233338
-0.20845777068188925 3.741491273710114
0.6935989206460617 4.327676583640681
-2.3191399364153216 -2.2447984491537696
0.8071394655460583 4.688407547276981
-0.30778287811428123 0.7665245518915476
1.4842725454755383 6.20003762288577
-0.579996117362669 2.3565250229765455
0.4316222634871075 2.9196553417955786
-1.1787015383529766 0.1515581133877092
0.7804760087849535 6.5040668161553485
-0.9419117609098576 0.46356477344355007
1.1556857258361906 5.182634020656217
0.39753756162926196 3.2458880623570505
-0.8069074133735774 1.4242108252505026
-0.0843625462919288 2.555909199167523
0.5385884300256873 4.579291187319287
-0.4684762955384741 2.8008902089684424
-0.7167135913240136 3.586387687939392
